20 20 10
W 20 3 2 9
@ 20 2 4 10 5 5
H 1 7 4 10
H 1 0 6 10
H 1 8 1 10
# 1 0 1 0
# 1 3 3 0
B 1 5 2 99
# 1 14 8 0
B 1 6 6 99
# 1 12 7 0
# 1 1 5 0
# 1 5 7 0
# 1 15 9 0
B 1 8 5 99
# 1 4 8 0
B 1 6 2 99
B 1 7 3 99
# 1 1 6 0
B 1 8 6 99
# 1 1 4 0
# 1 4 9 0
# 1 2 6 0
# 1 3 7 0
# 1 1 0 0
# 1 13 8 0
B 1 4 2 99
B 1 6 1 99
B 1 7 7 99
& 1 10 5 0
& 1 11 0 0
& 1 10 1 0
& 1 11 7 0
# 1 2 3 0
# 1 14 9 0
# 1 0 4 0
# 1 3 9 0
& 1 9 4 0
# 1 2 0 0
B 1 4 1 99
& 1 9 2 0
& 1 9 3 0
& 1 10 7 0
& 1 9 6 0
